# This puzzle is solvable
12
80 108 127  50  81  88  83  16 114  58  12  17
139  48   0   1  46  82   4  55  89  15   7  43
3 131   5  41 132  13  18 115 126 117  93 120
52  34  91 140   2 107  99 143  95   9  64  40
106  85  87  84 118  10 125 111  53 133  21  90
45  42   8  49  47 116  19  51 113 130  76  62
104  11  44 128 136 110  69  86  25  37  61  14
112 129  71 123  67  96 135  22  28  60  56  94
79 105  74 122  77 142 137  26  27  66  24 121
103 109 141  35  98 102 134  54 100 138  59  63 
73  75  68  30  36  32  38   6  57  97 119  23 
31  39  72  78 101  29 124  33  20  92  65  70
